,Timp folosire,Frecventa,Grad multumire,Asteptari,Varsta,Studii,Ocupatie,Sex
Timp folosire,0.0,36.562268168264374,9.143094854689057,12.17166149068323,11.03504086458679,17.790332271406218,18.95591844193818,5.878146453089248
Frecventa,36.562268168264374,0.0,13.173194541203037,33.54994310040732,13.892298777203793,16.428420434025217,15.630558026575349,2.684692595308794
Grad multumire,9.143094854689057,13.173194541203037,0.0,38.33234126984127,3.9612194892093107,10.167606535745927,7.585680471018816,0.22734200365779328
Asteptari,12.17166149068323,33.54994310040732,38.33234126984127,0.0,6.799814272082879,20.770358759701065,8.273417919799499,0.7734708392603129
Varsta,11.03504086458679,13.892298777203793,3.9612194892093107,6.799814272082879,0.0,24.12727798086227,48.21351222163232,0.37543570086760125
Studii,17.790332271406218,16.428420434025217,10.167606535745927,20.770358759701065,24.12727798086227,0.0,51.15475753609656,2.6069289134522657
Ocupatie,18.95591844193818,15.630558026575349,7.585680471018816,8.273417919799499,48.21351222163232,51.15475753609656,0.0,7.007787182215851
Sex,5.878146453089248,2.684692595308794,0.22734200365779328,0.7734708392603129,0.37543570086760125,2.6069289134522657,7.007787182215851,0.0
