,Timp folosire,Frecventa,Grad multumire,Asteptari,Varsta,Studii,Ocupatie,Sex
Timp folosire,0.0,0.00242,0.69066,0.43199,0.19972,0.33632,0.52469,0.20844
Frecventa,0.00242,0.0,0.35658,0.00079,0.08462,0.42348,0.73926,0.6119
Grad multumire,0.69066,0.35658,0.0,2e-05,0.68192,0.60126,0.93932,0.97306
Asteptari,0.43199,0.00079,2e-05,0.0,0.33976,0.05385,0.91235,0.8558
Varsta,0.19972,0.08462,0.68192,0.33976,0.0,0.00218,0.0,0.82885
Studii,0.33632,0.42348,0.60126,0.05385,0.00218,0.0,0.00015,0.6256
Ocupatie,0.52469,0.73926,0.93932,0.91235,0.0,0.00015,0.0,0.22006
Sex,0.20844,0.6119,0.97306,0.8558,0.82885,0.6256,0.22006,0.0
