CountryCode,comp1,comp2,comp3,comp4,comp5,comp6,comp7,comp8,comp9,comp10,comp11,comp12,comp13,comp14,comp15,comp16,comp17,comp18,comp19,comp20,comp21,comp22,comp23
ABW,0.0017264916794296023,0.04925040481697848,0.17646504155101475,0.06996466351650914,0.05653406827337662,0.000875741953686688,0.07588800654534457,0.05344762103127578,0.020399149596090214,0.07907209014226531,0.10646857496904139,0.08084006819946914,0.16130440432459378,0.04762221575021978,0.0005044381168177057,0.0012780031870262781,5.3703461391283216e-05,0.0034410883888572543,2.2881272135482694e-05,0.006236827013850642,0.002600393053998972,0.0031540752153406504,0.0028500479412865887
AGO,0.769555402084301,0.04874648612291431,5.860869119615601e-06,0.05231170287990309,0.001229118268386743,0.0012138996834765807,0.033562097334085564,1.85995194200751e-05,0.0021665197221715734,0.001979593760984463,0.008272220743715069,0.06053843747037244,0.0008598472904249875,0.00231339297357772,0.00019156949863007142,9.03195895894855e-05,0.00018034206700136607,4.8182167816363054e-05,0.0076326053669075,2.209045082663693e-08,0.006254205340887631,0.0028225285681799405,7.046587683409921e-06
ALB,0.1227582212066417,0.12341846283561353,0.18637768269166025,0.026758575125264125,0.18376572933599042,0.02374678654158875,0.027100542259707355,0.02980944250199132,0.009278710898685316,0.05431555765139454,0.029314915271590865,0.14436494708658631,0.0017380375110971626,0.004035337454237883,0.021773588017530456,0.008656937990346694,3.421290981745981e-05,0.0006415923338771615,0.0007530481944831567,1.2540082660691165e-05,0.0011382962267319115,2.2822281629020285e-05,0.00018401359087383547
AND,0.374238780033623,0.04523022068158576,0.17825462862162217,0.0017540791156548372,0.0007070670583696467,0.15639850302649952,0.008007493790309884,0.0029324250848332765,0.11251964618918231,0.0036894160873006112,0.016103282066677074,0.009324994463468178,0.009997983906730479,0.02220621002523591,0.0034998382881352838,0.01993301186240299,0.007572675671255765,0.002704173443753032,0.0003803941803614952,0.00267715507975586,0.0027482662683060355,0.018779629537215414,0.0003401255177213668
ARE,0.16061516676714274,0.03986364469057528,5.6467295017979704e-05,0.06677888026378309,0.0649132783356721,0.42521003448601735,0.009708429319313469,2.3311928414548813e-05,0.00015405101159985616,0.009845432644696379,0.03390362646818195,2.353624728995083e-05,0.11678172106870421,0.005086636514569484,0.010344114018612387,0.01855595601908563,0.02861206990032437,0.0030703167144521537,0.0030750518973799283,0.0022123843057419365,5.3773484948673674e-05,0.0009628476052132507,0.0001492690132633346
ARG,0.01931796066325044,0.019816954962722202,0.11092813547214952,0.3334458250768161,0.004503047574485591,0.00992312713783283,0.07743840389773918,0.04090761061848192,0.0009304059541577867,0.0823607268022752,0.20891548618644715,0.02634473068428623,0.01984139268304233,0.011936494591617032,0.0056036473278005825,0.00990440467054314,0.0002335927683849599,0.0008949031021904273,0.01519618132177696,0.000399005290935722,0.0009969559851636532,0.00010273675650535394,5.82704713957773e-05
ARM,0.3949133989821301,0.28790669755868253,0.20964001732668136,0.012304901014009691,0.01942857007033081,0.01454991390641608,0.01469672133104578,0.0025363395700651247,0.00033720654896274874,2.5057869418844157e-08,0.00826473393490133,0.0011996833332937901,0.003216514327581753,0.01791239175667686,0.002142595119589132,0.0009611653598693458,0.00025178929746549265,0.007536495872837756,0.0002385490188134209,0.0013379526882441417,0.0006059678434653437,1.8366734408436727e-05,3.3466594682800074e-09
ASM,0.09239247655042224,0.35580954377406626,0.024296539406289595,0.04021344074533518,0.00010208582195496691,0.032545058378010326,0.00047714499354590384,0.001422696220745905,2.9513721777897738e-05,0.01005516376458885,0.0003688061758739085,0.003324159583751834,0.01605012969095509,0.01707666196132006,0.13800610389763873,0.0860828160177996,0.0178863428492754,0.061907082837635255,0.0009325869603978467,0.003591665647662158,0.0972605991766203,0.00016570790006360884,3.6739242689915283e-06
ATG,0.0259080875565151,0.001366879065496593,0.023911305135193395,0.013677957302647757,0.0069626206468036385,0.4061883106163102,0.010595715204298082,0.17130443259832598,0.008895434952388514,0.026082414563028528,0.0041105458114430475,0.0014347630648246048,0.1875473974506047,0.03348504574789417,0.06628258015154026,0.0002447451304245115,0.0002488475405692098,0.006279815287119474,0.0001231617863503237,2.1877746393366703e-05,0.0011975908788306293,0.003186103530872693,0.0009443682321251227
AUS,0.4242010692912195,0.153374941471228,0.01713118703488795,0.04935972183184352,0.045482042488842155,0.06828735152954114,0.012831954833871248,0.06936061317942346,0.003284859836455193,0.021601471721841826,0.0005232210240331324,0.04744724841550033,0.062227602778988436,0.00927411877271473,0.0019237896204909828,0.00580408944947372,0.001972642593764978,0.004949758119867405,0.0001720972509279877,0.00022108750983004924,0.00033583993731735274,0.00015945063764469418,7.384067029222304e-05
AUT,0.24127891925984793,0.4307118593422826,0.040468796603187376,0.0022238996017030226,0.1180420850730752,0.0013048583538009645,0.0002840677805995374,0.017321519014825773,0.03592105822221213,4.4529099033518995e-05,0.0017620490556884028,0.059946217306882786,0.00018836464436927265,0.03685249147253269,0.002440456669908794,0.004787733605307094,0.002329890878327183,0.0017344289755198163,0.0006087696026431041,0.00155652398234037,5.832780250848385e-05,7.712555276143389e-05,5.6028100642563564e-05
AZE,0.010806727470117232,0.04986729832452042,0.008628043998720306,0.0838957656223483,0.38144613766308605,0.18463053343764735,0.004819411304930305,0.0019736156178000166,0.02528554282929696,0.001599501605156,0.008157453189427366,0.00140977224834458,0.14267162693902058,0.05375819379325742,0.0006433005933784491,0.005006447671547332,0.02253500908386245,0.004600842721290564,5.651972916180706e-05,2.2873542547879776e-06,0.004636433207123928,0.003106771322335641,0.00046276427337228347
BDI,0.3238473937515447,0.014258004727019928,0.08755426560289113,0.19276514162714195,0.11970066281051919,0.09373221363687113,0.00598708497142565,0.03468554191773177,0.06118921905712969,0.0036837091289859607,0.038846553560126965,0.0020416641074855733,8.127328262459625e-07,0.00014503909016202722,0.009836876377202873,0.0015807310650380441,0.0004691615025647173,0.0006237416003289083,0.008605487191492619,1.0487603006509756e-05,0.00038467529171636814,7.423916672014415e-06,4.410873011611127e-05
BEL,0.33603513633788185,0.3760524321474701,0.0172494136524196,0.0055564293819048175,0.15566977168908733,0.013469349601121477,0.0001729353502286262,0.004734422423354161,0.03153055286965558,0.00547527881745737,1.5282276405662105e-05,0.020330710104770153,0.00013775304100078077,0.003294508523257775,0.0007283107601623379,0.006386821649856981,0.020177590731754288,0.001698251339322126,0.000884607310978914,5.230717156396695e-05,0.00027288792698082666,5.3911650967744606e-05,2.1335242397548944e-05
BEN,0.6726938622998354,0.05877783933813372,0.0009199320438006766,0.08878482287588908,0.00713909897828716,4.598474657516135e-06,0.03187304700035458,0.010746689135027498,0.021247632328665063,0.04715799368020227,0.0043606110720319875,0.0281605277244079,0.0022649846315755916,0.01839066218653555,0.001199504301597692,0.003053364338955845,0.0015365402736054394,0.000583573649115429,2.083053889902327e-05,4.40769410732527e-07,0.000867337656695664,0.00021430248628362503,1.8042160325473863e-06
BFA,0.45689698301117704,0.0264831821909484,0.02037422705078259,0.13244188479283364,0.21549796914098931,0.03725243458662662,0.0041125959576479715,0.00572865956507932,0.023037017187787636,0.04093045229535732,0.016788200588178506,0.009528552872443318,0.000187358891451969,0.007334813788330497,3.6239098538830385e-05,0.00023435618229682395,0.0018845029793845393,9.713091764010187e-05,0.0010064420870352045,5.839415800639811e-06,3.323119186357369e-05,6.191460196546676e-05,4.601160584059874e-05
BGD,0.06227981046542772,0.14787066007113853,0.18040599528602771,0.23469393932164356,0.1262645167816863,0.01805118901269516,0.007086823115032466,0.08876178157556547,1.5631273693466175e-06,0.0002275801033979072,0.014383590287759696,0.005441902710080616,0.0006408123874813529,0.028544779779891626,0.04528430670976946,0.00638341816390728,0.007819844791967463,0.013441247475824805,0.0007266171481629439,0.00862696072360704,0.0003768235731789776,0.0006328534466349771,0.0020529839417499007
BGR,0.47617771959092536,0.04673815122150119,0.14154912322342134,0.014878823494622315,0.09772959621931675,0.0019314434484559073,0.08563074939589024,0.06074889091597143,0.006932645728183052,0.005325737363303389,0.028442616947218682,4.544449457758439e-06,0.002444839395651357,0.016940672818878236,0.0011755832900630253,0.0005609744980274089,0.003126910817595678,0.0007611726718989636,0.007393977793062266,0.0005204638788457323,0.0008236085825108707,0.00015247274552122975,9.281509677687673e-06
BHR,0.03782403882678401,0.16305732396586917,0.041139860162147025,0.0003739371337362977,0.0017233833107061596,0.4566831610004099,0.012252872539974388,0.003163232218421492,0.00433134845310633,0.033092027699587946,0.008332800226058352,0.005944560892594167,0.1907887770976252,0.03461587058064269,2.3759469992626656e-05,0.0032561754794686996,0.0012801028768265703,0.00040412408266277117,3.441621460663517e-05,0.00013288921386328035,0.001424179191701495,8.026002127485776e-07,0.0001203567630020652
BHS,0.006237788283362889,0.06030071844965606,0.0726109767896002,0.15947039086834666,0.06689975485788921,0.2178112577842096,0.039474581789193365,0.1749617162000117,0.009284877678053584,0.0825960658299216,0.01834614493931229,0.0048346005845597275,0.03202199038875925,0.04608218723357803,0.00509948343819538,0.00045603683401978834,6.414512445940508e-05,0.00099987612774233,0.0016644556611126236,4.318689421013263e-05,3.654394877944237e-05,1.641581253134241e-05,0.0006868044824950987
BIH,0.18020460643550623,0.1539305027169379,0.052844328100083486,0.3160681784642845,0.04956082603948778,0.0020329767581398965,0.0031134071023040224,0.08309489272843767,0.03336847343565958,0.08245804916823198,0.0012581152918572,0.009142566942916987,0.0016470674209218138,0.00020068131819796898,0.02646177593169303,0.0010534297347302847,2.475866867185307e-05,0.0016571335460402006,0.0001301841254806631,4.78453616293702e-06,0.0015148865608599538,1.2614404478099026e-05,0.0002157605689159568
BLR,0.37900072686315933,0.03723563371986106,0.2836266676573834,0.02942439924163141,0.00538926632197126,0.0010656057954688866,0.002600407388107458,0.00012265378697969118,2.4566676759198657e-05,0.14764716654448523,0.02841097792377932,0.03838812968163224,0.0016612828748997818,0.0005135035631216328,0.022321150853712217,0.008210695529981575,0.0015451395646125536,0.011470728324318941,0.00016870921581465352,0.000190755836072797,0.00011900503881788864,5.142319023362203e-05,0.0008114044071959989
BLZ,0.3877610403905113,0.10396979750488791,0.14860291299031916,0.22531136211298342,0.03457969767637924,0.01797104854164401,0.0020348078504010257,0.014406408363077352,7.294220821021145e-05,0.04023990843778927,0.003999773526934303,4.139043191348304e-06,0.001883744122767784,0.004486331668975837,0.010113812402122096,0.0004969614595268827,0.0005032860901128175,5.472187804482749e-06,0.0014150051106102716,0.0012104383856658073,6.296461913604137e-06,0.0008083233498186569,0.0001164901143530205
BMU,0.08686126015783052,0.15917179525017328,0.07190999197983622,0.00019123404882810994,0.00017692690150236282,0.11347920722387558,0.021568373962663052,0.007605350940116241,0.2376720004533329,0.006831345655696429,0.0009748684963142527,0.008364877427420576,0.06825705150432565,0.04945931995839898,0.007324032635536423,0.12646934089947667,0.013236220732323865,0.0051069244948610155,6.740001365326915e-05,0.007084512583491928,0.004539824077686035,0.0035498531883481274,9.828741430826325e-05
BOL,0.23408215579863087,0.03332977527443643,0.03086766849812111,0.02739446310402362,0.10371869991118098,0.003686109980462696,0.016359052368322847,0.4277782390970265,0.03978439484549785,0.032408946796291374,0.0029623349241074013,0.02446799752782932,0.00019886669357901433,0.000482031667418047,0.009377347013373116,3.2645911229731214e-05,0.00020491310888056972,3.8746870061675245e-05,0.012055177256748092,5.5300910267796776e-05,1.970950010248573e-05,1.2385243188263017e-05,0.0006830376992201094
BRA,0.24330705768828825,0.0030543891807211492,0.2251627447652696,0.17185729517423248,0.10522969387506287,0.011277217298790988,0.04258208898158134,0.025992024092354644,0.026480153849903727,0.11171978621993699,0.01186004970441782,0.0022776755290140607,0.004098670096883457,0.004866525693870962,0.0035425420792747687,0.0008555018953783612,0.004659684094549457,2.29717484839435e-07,7.657442898060323e-05,0.0005390140614774735,0.0005245326962421097,2.3865382651270268e-05,1.2683493633007666e-05
BRB,0.09195072751082745,0.12612417094514378,0.07004020977476345,0.22844254132793282,0.02557708122572037,0.06960898135551422,0.12737757028146038,0.02561275097746146,0.08880089568115503,2.059503436864236e-05,0.0011881955138533494,0.09373447452941569,0.0001163890518463635,0.00023650890585135,0.008363228279730925,0.02192871275426337,0.002896280196145377,0.010007178203097482,1.0356494134602655e-05,0.0029827846970280868,0.0037705508401605875,0.00010394261112485118,0.001105873809000418
BRN,0.1781735965201823,0.03964643186195074,0.09806314355330943,0.0015987029347964332,0.13079359307933966,0.0855443406541513,0.036786392405064004,0.0031446892995325394,0.05728883124331393,0.13230388525561165,0.000818987983746959,0.014284641202259443,0.11315751689736335,1.4935270936063735e-05,0.024726613705039712,0.07317741365437089,0.005374642172646657,0.000383824323003072,0.004050078747773358,0.00020279403204683414,0.0003620477765098979,8.672638941667554e-05,1.6171037635010832e-05
BTN,0.11311333153520263,0.1696986678185527,0.04882787071583253,0.06108082094864965,0.001497792079771446,0.01436846859059162,0.030351063613022682,0.09671588496737678,0.13768275029356883,0.0035558390671039173,0.0869682676815604,0.1042665742422802,0.008746960852495544,0.027246880960357583,0.019686917785417566,0.03296733314450393,0.0009075714302124539,0.000918038575001195,0.0013266579960224559,0.03393502829338843,5.953913879792484e-05,0.00529739831773025,0.0007803419525594133
BWA,0.3278494027953168,0.045872788097796866,0.08666759648587993,0.3026705091857763,0.050732382040883,0.13608391378192303,6.341469217016256e-05,0.0006073563496738002,0.015370875405077167,0.0029807891286431814,0.014073775997666656,0.0009890306080637347,0.005475682128490628,0.00033390754274536844,0.0026090756803061874,0.00028682526128475966,0.0016599935050548899,0.0008952550121493246,0.004243364083483564,0.00016570423721329016,0.00020945214591996082,0.00014112688391693296,1.7778950564317273e-05
CAF,0.5084673097959455,0.05705054827375517,0.027259085481164624,0.00266941522342549,0.12102840642420327,0.0077503621804257275,9.692101856495489e-06,0.15018033432354697,0.016330782464481892,0.01862326549239536,0.001167048559253366,0.06366179288832778,0.0002485589160506514,0.017038393302481514,0.005774744302395794,0.000380424805005613,0.0011418763130629256,4.144459606301004e-05,0.0004916805920910475,0.00013532018572988956,0.00038353931067124157,0.00015527617083538496,1.0698296831332097e-05
CAN,0.5603850764718286,0.0637458906868223,1.4394901022858197e-05,0.00043412544955068465,9.859836353074321e-05,0.06979803655382115,0.011327793161291469,0.09697071202713183,0.008311716442984856,0.0054960885118160675,0.06265386991046046,0.008097185754436775,0.0037299793541886186,0.04942351862042205,0.0024241793369490965,0.047376142699121965,0.008141653640533018,0.0010383942324172228,7.493875477620275e-06,3.0337815753086182e-05,1.0488133882057423e-06,4.869511775704131e-06,0.0004888938652756411
CHE,0.36196969710464416,0.37607183546637496,0.05112328442585361,0.004556620321420834,0.012195749330684874,0.004237998293043742,0.05138319359931715,0.00017842611498355786,5.223862419649151e-05,2.3156375060563965e-06,0.01758069599612849,0.0903409128300359,3.975347171810568e-05,0.009790491746785849,0.00024224599266034748,0.0002764593490866524,0.016925062396403668,0.0004905437886733291,0.0016673913685537505,5.340466898310642e-05,0.0007749176946844317,2.3440802368153395e-06,4.441769802402288e-05
CHI,0.42981082675518106,0.3262079257586931,0.06462111068867873,0.015543098231537043,0.017374209335264575,0.0009380714608240033,0.006102840855074979,4.0299983807681963e-07,0.004281278960160314,0.06189471528043782,0.0035756499252885105,0.025678233951160357,0.00025423150817092727,0.0009162880544932937,0.004144921353012885,0.0020410332104371983,9.065679665805052e-06,0.013601646816428562,0.0003923773908637697,0.016079741791544585,0.00034123772378004776,0.00021770621014287247,0.005973386059321292
CHL,0.03247883378402669,0.08739495880177876,0.1571245763405455,0.12185469148699231,0.07339789738179929,0.06495847711742159,0.01625408208462995,0.09751985816126163,0.05039190597460283,0.0019870377662975507,0.20380223116124252,0.0008533131790080593,0.006644170350226806,0.03415819307062357,0.009214277925763086,0.006438548704071314,0.004833577045110958,0.0026262220274559755,0.020345034950868746,0.0029887511754487237,0.003834668913171356,0.0008364529265261404,6.223967112669443e-05
CHN,0.09714692272024622,0.13962173650014545,0.019953431574781556,0.16298047114016756,0.1446564247717091,0.02614951062986368,0.020938181053407945,0.02215335238433236,0.19727279922947993,0.01663471827067146,0.04412364824799088,0.06613554678158191,0.013304198614824908,0.004782057230305497,0.0033170725222515253,0.000574300952125263,0.015740277465268557,0.00012892479808337658,0.0040625705212859195,0.0001813593769734175,1.0506805044727386e-06,0.00014135999738693584,8.45366121737611e-08
CMR,0.6332603819751905,0.07756625418510425,0.0016005378515824144,0.08962381790374596,0.14729761901787344,0.017447602437117158,0.0002949644918113557,0.0037700643147747445,1.0874948935973013e-07,0.007112651617172753,2.5882722144215693e-05,0.00011664193402577949,0.0009620653960045128,0.002387650629093423,0.000511877860600471,0.00263467726252086,0.008598763506473003,0.001331631474801635,0.001463724420967058,2.892842844312609e-06,0.0032083860752605037,0.0007817679493709782,3.538203151002659e-08
COD,0.5738388682025701,0.08131736202520412,0.03337171733787597,0.1398105066542135,0.05587063573941699,0.009233184370469591,1.731748596444252e-05,0.018069502772343548,0.023193891833658647,0.011960141364837943,0.00027189163524656354,0.00013741362329618365,0.007646052637425147,0.010613997924615235,0.010694820567292745,0.0026888053988678557,0.013979075625313026,0.003504984981925373,0.0012799588174180342,0.0006323003178880146,0.0012553867994972473,0.0006106721246989592,1.5117599608136957e-06
COG,0.6074633377334707,0.0894498533129669,2.7808151892267334e-06,0.005368176225532854,0.13861666184834395,0.03512542559015665,0.0011790833533039406,1.4335413025654026e-05,0.028303805120541887,0.017750897950020293,0.01314722541842189,0.016396060469162265,0.008272505677534608,0.007089739497116353,0.012683624741720148,0.009090970824699179,0.009340064510148387,0.0002804562662689076,0.00019961419789421057,0.0002187888489442521,7.337296788916827e-07,5.074258873748246e-06,7.841969848394865e-07
COL,0.24314296643270636,0.007280379878334888,0.10846946326618565,0.18610562480502124,0.23160554212409223,0.05378917018912687,2.866743110621354e-05,0.10670748680974934,0.006036644739199237,0.003078042783189416,0.043465494432424874,0.0004195449882271642,7.514214368047655e-06,0.004656941699900401,0.0011056698039047543,2.9572741435910415e-08,0.00020632944011624778,0.0001055635725473845,0.0008435495085587632,0.0023665957511747014,0.0003109210737683618,0.0002468302893172873,2.102719423933261e-05
COM,0.5908256076839992,0.052970841267953574,0.02463096421013224,9.358565607983623e-05,0.17865770246592008,0.013220517695436673,0.015587130257828086,0.007919410375613792,0.04494110766294578,0.010494419784903135,0.010118050893244907,0.024728140469660643,1.3065920092311903e-06,0.00604792645164846,0.000203610365488575,0.004397929066853417,0.0006674253582860765,0.0016854306308901454,0.011019162705361756,0.00034293502957407165,0.0011777754610314726,0.00022153266064976317,4.748725448924709e-05
CPV,0.6406260462138299,0.007425773612517187,0.05260263326209502,0.018724207643225983,0.08768924909656925,0.0016108050304768835,0.0005271712096700402,0.014397408308679098,0.11306850427537743,0.0010392261381756247,0.001854648371871407,0.001398072839488883,0.04645200462097495,0.0028100074476207987,0.00044209850381522514,0.0023829922333656523,0.00218978335117675,0.002599390015879232,0.0014611938854117066,0.000539411436055253,9.441707495233933e-05,6.369947245173992e-05,1.2559563196246457e-06
CRI,0.015723938395951067,0.004241983276936308,0.05284731780802596,0.07884099311024184,0.04799545349510462,0.12422479139768994,0.00029569393438866006,0.3634114632138379,0.2707436488053328,0.004207918548036598,0.0004107258789630964,0.002416085654170681,0.0006432387342519249,0.014044160510297422,0.007310063400639303,0.0051896722063068034,0.0006931137078206496,0.0030229383771419446,0.0006548361683380736,0.00032848243709285454,0.0024467038525938264,0.00027635117418207196,3.042591265578603e-05
CUW,0.0359541834006241,0.22690672092003789,0.10551133921861452,0.0018893267215354128,0.006084853660594854,0.04043315441327461,0.005745673428722449,0.01524008854028352,0.002058384217841979,5.964878868040184e-06,0.3173951514300394,0.00013953282678536472,0.05753609654087497,0.02541846385651696,0.14540595698160272,0.003772396971238048,4.799825480597612e-05,0.0014724664822259117,8.334174671589076e-06,0.004782689202275331,0.0005643138977098771,0.0031700079322553674,0.0004569020486011572
CYM,0.0945508930683412,0.011736616181749739,0.05126980695944406,0.08597415703752918,0.004833890982625681,0.03633487734679852,0.0032460649087132196,0.0016084624863334936,0.013447228602521236,0.026212040703868122,0.0002709195831290727,0.0006683794467200328,0.1625295608248449,0.11577312933977914,0.3483130990380829,0.023664906756842626,0.007006107747851928,0.011137578346197647,0.0003766140927977592,0.00015937350224855243,1.11229765004017e-05,0.0004999731710740175,0.0003751968960064133
CYP,0.2409015697243921,0.026939117868422797,0.011030233770315137,0.1636575442508814,0.12124772791605122,0.007467418211884999,0.08605709461084227,0.03579011249964741,0.11853549328498987,0.07191225984035178,0.008666707133147482,0.0743540877355508,0.0130047170495481,0.0005816012482716696,0.0026675140055207425,0.0004956390869067563,0.010771414855404227,0.0019827144142216366,0.00291800968137772,3.2302979626001734e-05,0.0001093146208087187,0.0005326011009112841,0.0003448041109260096
CZE,0.3750014550136394,0.193161743921491,0.038603188508920465,0.031159383531580705,0.16436344347018142,0.006895830919197843,0.09390243067487865,0.01102414924838531,0.01683082856976104,0.011454368948669512,0.029875559290047187,0.000540333004778144,0.013394015368254675,6.326681158393794e-05,0.00992989452951259,0.0016277913561170956,2.20352304651524e-05,0.0005278080395997671,0.0007576489110411803,0.0007547094761890733,1.3183259411264299e-05,2.2009359066860662e-05,7.49225572277182e-05
DEU,0.21375025105732862,0.42998159517450735,0.053979038370198705,0.00026383500505418116,0.17803955275558755,0.0007177688100673094,0.003702547272041149,0.00022505305536668082,3.0446453969287922e-05,0.0030284298601138747,3.528529333115167e-08,0.06737016062677333,0.009004576131406128,0.02676035662180124,3.710633638875627e-05,0.0011155078123267618,0.007333592020909737,0.0029971354442732924,0.0007442510170713398,0.0006010413404950552,0.0002960431140206743,1.5190710898834883e-05,6.4857241068691706e-06
DMA,0.008801224468736539,0.0004022822580803751,0.07590403003027194,0.10710817201942248,0.14766088374357125,0.006375592267495134,0.13629381285389844,0.03923502149726497,0.142327440986676,0.08952021755343179,1.0114834390681373e-05,0.06589255923426177,0.040929372234021474,0.008019251163780992,0.11374731535647196,0.003968141138902145,0.009459941971799567,9.085278091708427e-05,0.0013685394403636876,0.0003046533255661461,0.0002688021172315367,0.0022967397809655677,1.50389424782518e-05
DNK,0.5227798876390178,0.30097004201519134,0.002458537350307672,0.0024396537251949193,0.0024676799694300735,0.07286673421006351,0.018012736163803347,0.0012198764298165376,0.04137954211933633,0.00247526710645573,0.01118520973019336,0.0029141638678444105,0.000669292909497606,0.004717070991533989,0.006491668640048426,6.507513761351849e-05,0.00516964680960392,0.00015482584421245112,9.209617891590222e-05,0.00012205630328460626,0.0011903729574757858,0.00015545228768735965,3.111613471487337e-06
DOM,0.2762225436462036,0.062439462339823275,0.007434078925583511,0.12207228293644297,0.04025546881830542,0.20384726824972166,0.0035750508890920693,0.019282823477303156,0.025783082091374455,0.0921510169058417,0.11712068340577429,8.504285383760552e-05,1.9095304278804585e-05,0.0031493195741946816,1.1769512242532491e-05,0.018056358632275026,0.0014088315151181631,0.0025980428021430777,0.0018119594253437014,0.002439836794257167,0.00016396413703875147,7.200518046813515e-05,1.2583336277053365e-08
DZA,0.6045398886320169,0.05202852349160523,0.006749937977348443,2.046434244427595e-05,0.08524191960233679,0.01522677784329189,0.033907518421497244,0.0021053594752230872,0.10930156500223766,0.03772636519011144,0.009790257710752735,0.00484505818919827,0.004552003294409535,9.901033891440956e-05,0.00043706746987032637,1.2552046974906486e-05,0.008444191094939829,0.0008511396332025506,0.000179432055986717,0.001533158497308681,0.01571927272765896,0.0066704507993159915,1.8086163353894257e-05
ECU,0.49064741176465754,0.004697835004636604,0.020616943853656047,0.001414934868840354,0.0785950656473307,0.13191854513832357,0.0015314962930795236,0.1871480830550961,0.023884590502869247,0.0029173172882591717,0.031254224541655336,0.010721005221424081,0.00032199521197952714,0.009731685112229339,0.00024530858948054534,0.0004231920180956574,0.0010976917892580448,0.0001088578266466088,0.0022942230125671853,0.0003077111528534095,9.65629241497711e-05,2.0244426482244402e-05,5.074756429605546e-06
EGY,0.1858236464151621,0.08796264907099068,0.02787237416045824,0.02273829581820891,0.034321935539728884,0.09541678121081064,0.08964880367013205,0.016668329683833392,0.09979921851628194,0.24821196323866948,0.0032501043482762574,0.006968469733230337,0.013773165384771205,0.021095194486463978,0.0009020998483722308,0.0023388757672251717,0.0006719088679824223,0.0012528000683382663,3.3664092376412043e-07,0.0002747067536841476,0.03523580768170139,0.005362536187616186,0.00040999690713859887
ERI,0.4607765680218857,0.016055593103577154,0.028617632907192974,0.2495146992105022,0.00502099509930595,0.00837608471639423,0.03011232215132521,0.014376287066949607,0.054436061545671134,0.03160605269587023,0.004393921300506819,0.08614575006788719,0.000147387634725457,0.0036409876439864562,3.3396992750957545e-06,0.0009381535713924627,0.0038333775078777253,9.089781213732695e-05,0.0010606644804284455,0.00010571536364957352,0.00048581561781745687,0.0002559201298044171,5.772651837190403e-06
ESP,0.0915498147508757,0.1461804730886812,0.030597226002515583,0.26399556758651643,0.006676870056974005,1.626850135231126e-05,0.010962366352102673,0.020937569090934634,0.007507697136225204,0.30709957619421857,0.07450534776070804,0.012481705135063186,0.010807234582071086,0.000189032194251111,0.005158102371456729,9.761959479202664e-05,0.008067454663622253,0.00015438358509554595,0.0024036260697983224,5.68160776792765e-07,0.0005844258702826965,1.5118810581231864e-05,1.1952441104430851e-05
EST,0.752593727884102,0.010442240815442783,0.04826833392810198,0.0027668360224412645,0.017226320098577493,0.0003896653225891358,0.028132145635065296,0.002892594031902781,0.006314641618047715,0.00424246393752308,0.0041824362694156385,1.7561718424893428e-05,0.0024329761274093985,0.031476308194461775,0.0669542945262195,0.0030772669170366896,0.0015102882565336956,0.005088547650995356,0.002162981818709213,0.008311304113415656,0.00043502944614816656,1.817448716060444e-06,0.0010802182187206056
ETH,0.437006622418089,0.01950865830514185,0.054339875853964534,0.1994423082292381,0.1350086082390398,0.05636122078787072,0.0004001601796249904,0.053041638881771755,0.004355028800101496,0.0054420872258335905,0.016510422160908932,0.005928917161164598,2.0108753501004283e-06,0.002917219147336186,0.002224553390213489,4.311604530245125e-06,0.004610205420122773,0.00013402195843846695,0.0018037996107434428,0.0007883181957272329,0.00010434838344009005,5.7776995502552195e-05,7.886175846164385e-06
FIN,0.5204135701588406,0.22884790650344716,0.007193388925305188,0.004816652318162435,0.11265106454739199,0.027478897101657095,0.004846764159226504,0.0018246548255463,0.07446329392918721,0.0026529892720503416,4.0679927837756294e-05,0.0037745791787555457,0.00016014846613434977,0.0033396585557365316,0.0023492216486626864,0.0007458242267010193,0.00019672080738830086,5.310244337659049e-06,0.003048493239913477,0.0009688192757319859,0.00012373967179817464,1.7236246380217932e-06,5.589939154971278e-05
FJI,0.7028538023327949,0.013784294796005079,0.023644215876161535,0.003542545031838491,0.034072239934483786,0.02594248606684954,0.00479568707341029,0.01628496566227479,0.013081312971406375,0.0019556480305844897,0.05599565074157762,5.469407322108334e-06,0.00694990338442635,0.015298049907592787,0.023846112479891296,0.04947630683921749,0.0004995757481370799,6.182080580432069e-05,0.003141880137496551,0.0018328295530162168,0.0008329968290721018,0.0017587129716507568,0.00034349341898612466
FRA,0.24215758269280907,0.48704432049314517,0.04386492687369379,0.000587206450144839,0.02476472362115313,0.03216811244413354,0.0012541028889889035,0.01596122493841628,0.0028685718117880264,0.03687872100535149,0.000682398414101483,0.08047854404394748,0.006027729041202632,0.005596821603225069,0.001642601658804397,0.00828561636459668,0.001483313089032097,0.006632469682282376,0.00127406112475461,0.00015578824165164416,8.735422434679671e-06,0.0001473869339655324,3.504116037704609e-05
FRO,0.32392428283788577,0.42978758872622735,0.2002316194103309,0.03597270586744397,0.0024536098662977564,0.0025306886692778342,0.0010621899496941875,0.00030506548142194423,5.801352318005617e-05,0.0004414956346060148,0.001810093805144704,0.00010438450698425043,1.6793935139123335e-06,0.00018509306738000248,0.0010534143349467606,4.989528705790642e-05,2.793698618971265e-06,3.745915171211817e-06,2.0075675958765706e-07,1.5460501707241308e-05,5.366919948664446e-06,5.924306390435318e-07,1.9415761805975748e-08
GAB,0.4582866087405109,0.045487365148821804,0.0002947179037911107,0.08616372486744502,0.016537937955133596,0.02211460490237478,0.0006373607991688983,0.14725258353111004,0.009756676470526826,0.10291070400235275,0.026571028740458844,0.006606263768153555,0.04594112654395212,0.0032005978614887726,0.005011248023414669,0.01637797305391892,0.003919081691169807,0.00012551551780620184,0.0002952518400757821,7.76430556892152e-05,0.0020225450245842796,0.00040348377105014956,5.9567870018070564e-06
GBR,0.42763253836439324,0.34636290680443527,0.043562761801133595,0.007245845391737206,0.05195958049965584,0.0002968739702513175,0.0007001313307747307,0.02356668304073663,0.0017165790864916634,1.226001505122943e-07,0.024439121930167184,0.022799396733598418,0.013332146788973931,0.009766145994196902,0.0007596366574223345,0.012420844416538714,0.007379677005182099,0.004166256146551469,6.908320678455043e-06,0.0018642718674976315,1.0738411331196627e-05,6.6298737900788484e-06,4.20296431141486e-06
GEO,0.056031599965694186,0.12041931523561894,0.2915447872620177,0.004760311675194947,0.18197898569030058,0.12224430416053847,0.007708180334000688,0.006517521437131973,0.00427783902852861,0.05260093690858959,0.007871041069459081,0.007094545207216179,0.01581205097832401,3.0086654641682947e-05,0.10588080184064812,0.00012026760366426042,0.0012272986271217804,0.008889672102820401,0.0022558488850807582,0.00012617737618328593,0.0021745583255657823,0.00041422401022093937,1.96456214382662e-05
GHA,0.6669084924656655,0.03107118504807996,0.004185017967547193,0.030983801644680602,0.0010657845415873422,0.03890457697589458,0.03281112344517953,0.02436917294178594,0.05992829779823074,0.06422341874262105,0.01835125670858396,0.0015860020264731561,0.0019017248624444599,0.006647523128281457,0.0008135606842425731,0.0016054947950651748,0.00016557828807184412,0.0007677056051344824,0.010056548735568945,0.0016171356650557676,0.0015309108418275887,0.0005008358640933762,4.851223884606012e-06
GIB,0.12881494339595978,0.0022056783941884718,0.05777640809222995,0.027941079933902623,0.005304724949914401,0.0014078844292154434,0.000501216086110552,2.6849467263986016e-06,0.0005384728864124477,0.16167259814395754,0.01921538413927756,0.18853966342102216,0.045371857801631485,0.35221343955004697,2.7173920685261488e-05,2.8730996096403705e-05,5.435951827487153e-07,0.007149756657231661,5.630325210290814e-07,0.0005551582368798958,0.0001278004547133088,8.047877669958752e-07,0.0006034321483268017
GIN,0.47373275292792016,0.037075569241391305,0.04660810610372053,0.22018005746052804,0.13240542823738632,0.00016534204129833134,0.031149337918219545,1.345719534321489e-05,0.006724438471059916,0.00850639424591996,0.0034093595694917028,0.024687828720608086,0.0014773872339995625,0.006779040160966078,1.7556876329202945e-05,0.0016924211423492925,0.000276149068004609,1.6664995775583292e-08,0.004471514151479361,0.0004295315894705011,0.00015271916385126773,4.2142035149141285e-05,3.4497805181248732e-06
GMB,0.7066051187729752,0.09716696516243102,0.005897800323149315,0.006697050550148186,0.008847187969900293,0.038212338129612305,0.05550967763215405,0.014411562471887126,0.0032967404388912565,0.0007498251662456116,0.000926079618910926,0.04957220094732504,0.006270712779418769,0.000429308957006261,0.0016561013182516834,0.0013908571316998248,0.000659916246921856,0.000322756466373881,0.0009934101391406939,1.6552195230394557e-07,0.00027631945812371265,4.492513594460537e-05,6.297966153628781e-05
GNQ,0.4653527506721543,5.03586143535373e-06,0.029528307387985956,0.17347962538525435,0.0015863384999130006,0.010191330531999113,0.009030468178207627,0.040395616819508304,0.0022847081410233183,0.03859048254372911,0.06212661007980191,0.06382761422833065,0.04718993776106307,0.016072145561421863,0.0012605426393352684,0.03258519375557998,0.005649568257575225,0.00031377013312649957,9.873292956871205e-05,0.0003373253275339483,4.9048213200289083e-05,1.7600495523146967e-05,2.7246596728891103e-05
GRC,0.08866044593843626,0.004934308333248666,0.00010619659246946101,0.3739693492574325,0.007208436854344586,0.007773363293996043,0.0065851577933460905,0.0018422813142024812,0.005724177245626189,0.2392528182028861,0.1619716722322773,0.00014608610414547477,0.08463077157682054,1.4317157699514312e-06,0.008154380355247277,0.0020316669928686407,0.0003733912029010241,0.002315088699858226,0.003864018153539158,0.00041231734580594035,9.244969728388353e-06,6.9738990870992604e-06,2.6421925962550925e-05
GRD,0.12919489418604024,0.13901769709319406,3.7483256047446088e-06,0.006689541452286938,0.0026142630021612854,0.01826285276738957,0.0758642180448617,0.0077060908331436275,0.01586689869821596,0.08115686936141155,0.13156074706702972,0.0005931327894760165,0.035573440162837956,0.033871472469749885,0.011333559014219249,0.1017743545894514,0.005586140755528897,0.10005625392481603,0.0022677467400194435,0.07544222863678013,0.003954418314042969,0.019819665287434958,0.001789766484303572
GRL,0.05787258149048816,0.30791772970887293,0.15736670344737527,0.0075527914717923,0.031554571734515265,0.07072445798754488,0.03218309554780526,0.0032845114181817344,0.04166115611202128,0.005695908684044832,0.0233269948008713,0.0354642002792767,0.09728386953710219,0.06007390027319266,0.0386612559257711,0.0002466499075782019,0.0007100807655686218,0.004611458177326111,0.0002133884478532036,7.533941949188275e-05,0.019132618609957245,0.004330788226448459,5.594802692035326e-05
GTM,0.6566725460350343,0.04638019736778481,0.03975300638117013,0.0066493671897650125,0.016221560706340912,0.03076326037165201,0.0010186901938029277,0.00917422093431502,0.01369225563632461,0.0897678770170995,0.0018976844666283165,0.04789019917277481,0.001868351208017832,0.02224168292357749,0.013660897693056704,0.00015196068249162629,0.0002749296283374882,3.2736029197349656e-05,0.0017244986087669798,7.506893561546131e-06,0.00013916257920103904,5.281253376831349e-06,1.2127027722666665e-05
GUM,0.10177068661698326,0.16853489121115206,0.058212402612564926,0.0006021964518826329,0.009276176414092053,0.017023019103604136,0.0064419615408223595,0.007610695031659098,0.003727024824080583,0.03508579462678792,0.005453005916777839,0.09616769281894354,0.16443748142224235,0.014944357529302949,0.022451153850095055,0.27066108589916915,0.008626897098769293,0.00037674972517831286,0.00019157076335693323,0.0056533570673638605,5.562803957565388e-06,0.002731507011210751,1.4729660003466355e-05
GUY,0.5989526987811981,0.08692963296106423,0.017142564762448374,0.03362206935580198,0.006494146713167957,0.07509522125887717,0.02650438846147137,0.023017062873543048,0.003113591302643248,0.006776012507625232,2.775774640807456e-05,0.05596028987559395,0.018597376586573955,0.022126009403858185,0.0016699597758065236,0.0001556676821699406,0.00101611653804703,0.00046198570290656156,0.021042733534196792,0.0002182835955886505,7.456395726446852e-06,9.422866582816237e-05,0.0009747455194549242
HKG,0.1455912515760939,0.15357731965693247,0.0016815929429723415,0.12310541088649488,0.2984907005551366,0.03316395799886026,0.11319192061757172,0.0956478422528809,0.023059899465419583,0.001927943303881495,2.9920219461146872e-05,0.001614885717126651,0.00024912103098248127,2.3642118845833966e-05,0.0020377964623352206,0.0008198723388304484,0.004172791825810807,7.521217962370313e-05,7.771228512689989e-06,0.0002704466762874356,0.0009885822723420443,0.00020940035083788698,6.27183227594453e-05
HND,0.650919271661896,0.08699989590955401,0.03595906359211241,0.008419070502046645,0.06420711192871874,0.003521996110738543,0.0024371908588033645,0.0030770939558662585,0.0012096192498486683,0.11630376889668707,0.0014649763362289826,0.011673312653593214,0.0032798495159118146,0.0009107819382124202,0.00025163001051090733,0.00191789857247313,0.000677662934694016,0.0006670844381924376,0.0055294168758277884,0.0001462446230087815,0.00021020003520392011,0.00021516992100786193,1.6894788629662635e-06
HRV,0.4533625543431233,0.10401476316758743,0.11364595257881861,0.194368255423948,0.018006137947006617,0.0034577534243476664,0.007276218285203271,0.0032728601640699055,0.04016549770242692,0.0027827119167753442,0.02091127342542699,0.000797930483937402,0.010445120955552277,0.010178952903047624,0.007842067611992081,2.0345331357687053e-05,0.00011913934177745036,0.00041708968493379923,0.006623642623811598,0.0008037923021006377,0.0012511584253793117,0.00021532112353439344,2.1460833841345314e-05
HTI,0.4317901585055564,0.04666761858753105,0.042607035747177516,0.004485154573474298,0.23327817613651694,0.06822738968946772,0.004811192993536581,0.0010607257459827836,7.318104174180095e-05,0.00011995993634097788,0.04049739494540484,0.06901087192196581,0.009836777917038669,0.03221319161588393,0.013086502596542274,7.773088836370283e-05,0.0006744740321854443,0.00011160838892390615,6.588935881336597e-05,9.9926099965259e-05,0.0007831121153543315,0.0004130502458339227,8.876916398415645e-06
HUN,0.35815591277276254,0.12342400044874911,0.054301218838015454,0.00048630272382107397,0.04542034861111744,0.014057612226462209,0.1240272003705082,0.01511403034066923,0.04534740072480936,0.04988251121602689,0.029311279287167313,0.000964559348387286,0.017407318379375654,0.03551619376729261,0.00843857975025462,0.0020287473924590084,0.06648514788735203,0.0017614226497427833,0.000539258262423942,0.006483449196933504,0.00010482139196470527,0.0006097199507488053,0.00013296446295611743
